LSOA_code,Residents16orover,A_E_F_R,A_E_P_R,A_SF_R,A_S_F_R,A_S_P_R,A_So_F_R,A_So_P_R,A_U_R,I_LS_R,I_LH_R,I_O_R,I_R_R,I_SF_R
E01000001,1356,42.257 ,5.752 ,1.180 ,3.097 ,0.147 ,5.900 ,5.973 ,2.581 ,0.664 ,2.507 ,1.770 ,22.566 ,5.605 
E01000002,1301,45.580 ,4.689 ,0.846 ,2.767 ,0.307 ,8.532 ,4.842 ,2.460 ,0.000 ,2.152 ,3.228 ,17.909 ,6.687 
E01000003,1504,45.013 ,7.646 ,0.665 ,1.197 ,0.465 ,5.984 ,5.519 ,4.521 ,2.660 ,2.660 ,3.125 ,16.157 ,4.388 
E01000005,964,34.025 ,9.855 ,3.942 ,0.311 ,0.519 ,2.593 ,1.971 ,6.120 ,5.394 ,4.149 ,7.573 ,9.855 ,13.693 
E01032739,1546,59.638 ,3.299 ,1.552 ,1.682 ,0.453 ,5.951 ,4.463 ,2.911 ,0.712 ,1.811 ,4.981 ,2.458 ,10.091 
E01032740,1343,49.739 ,3.053 ,2.308 ,1.787 ,0.223 ,9.084 ,3.723 ,3.276 ,0.819 ,1.862 ,2.978 ,5.808 ,15.339 
E01000006,1427,28.942 ,13.875 ,3.504 ,1.682 ,0.701 ,7.779 ,5.816 ,4.064 ,5.186 ,9.320 ,3.504 ,8.199 ,7.428 
E01000007,2156,36.874 ,11.735 ,7.236 ,1.252 ,0.603 ,4.824 ,2.829 ,7.143 ,3.340 ,9.787 ,4.963 ,2.922 ,6.494 
E01000008,1261,23.711 ,14.512 ,4.124 ,1.190 ,0.634 ,4.362 ,4.362 ,5.155 ,6.582 ,10.864 ,6.423 ,4.203 ,13.878 
E01000009,1407,26.581 ,11.585 ,3.838 ,1.990 ,0.498 ,7.960 ,3.980 ,5.828 ,5.899 ,10.377 ,5.330 ,9.382 ,6.752 
E01000011,1325,24.755 ,12.377 ,3.623 ,1.208 ,0.830 ,6.717 ,7.170 ,5.132 ,2.340 ,9.962 ,6.264 ,9.283 ,10.340 
E01000012,1572,26.399 ,14.631 ,4.644 ,1.018 ,0.445 ,7.125 ,4.198 ,7.316 ,3.053 ,12.087 ,5.471 ,4.707 ,8.906 
E01000013,1412,30.382 ,12.606 ,3.187 ,1.629 ,0.567 ,6.091 ,3.754 ,5.453 ,4.816 ,8.499 ,5.099 ,11.969 ,5.949 
E01000014,1315,31.331 ,13.764 ,3.498 ,1.825 ,0.380 ,6.388 ,4.030 ,4.487 ,5.171 ,7.605 ,4.791 ,11.103 ,5.627 
E01000015,1736,31.221 ,13.825 ,4.032 ,1.498 ,0.576 ,7.200 ,3.571 ,5.300 ,4.320 ,7.661 ,4.493 ,8.641 ,7.661 
E01000016,1394,32.855 ,11.693 ,4.232 ,1.435 ,0.430 ,8.178 ,3.228 ,4.017 ,3.945 ,7.891 ,4.735 ,10.760 ,6.600 
E01000017,1308,31.116 ,11.697 ,3.593 ,0.688 ,0.535 ,7.798 ,3.440 ,5.428 ,6.498 ,7.263 ,3.364 ,11.697 ,6.881 
E01000018,1350,32.074 ,13.333 ,3.556 ,1.259 ,0.296 ,8.000 ,4.222 ,4.222 ,4.889 ,6.889 ,4.963 ,9.926 ,6.370 
E01000019,1178,28.098 ,14.771 ,2.122 ,1.443 ,0.934 ,5.772 ,5.603 ,4.669 ,4.584 ,8.829 ,4.754 ,9.932 ,8.489 
E01000020,1606,27.771 ,11.395 ,2.989 ,0.996 ,0.311 ,7.161 ,5.604 ,6.289 ,6.974 ,8.468 ,4.670 ,9.776 ,7.597 
E01000021,1233,27.899 ,14.031 ,3.082 ,1.541 ,0.649 ,5.272 ,3.325 ,5.272 ,5.434 ,10.706 ,5.758 ,9.895 ,7.137 
E01000022,1096,29.197 ,15.237 ,3.467 ,1.369 ,0.274 ,5.292 ,4.197 ,4.562 ,4.288 ,7.208 ,4.745 ,12.135 ,8.029 
E01000024,1120,28.839 ,11.607 ,2.857 ,1.964 ,0.446 ,7.054 ,4.196 ,6.518 ,5.446 ,8.571 ,5.000 ,9.911 ,7.589 
E01000025,1444,31.163 ,12.812 ,2.839 ,1.316 ,0.346 ,5.540 ,4.155 ,4.917 ,4.778 ,7.271 ,4.848 ,12.950 ,7.064 
E01000027,1475,28.000 ,11.525 ,3.593 ,1.153 ,0.407 ,6.712 ,4.339 ,5.288 ,8.068 ,8.610 ,3.593 ,11.390 ,7.322 
E01000028,1346,25.854 ,11.887 ,3.566 ,0.892 ,0.223 ,5.349 ,4.012 ,4.755 ,5.646 ,8.767 ,5.498 ,12.556 ,10.996 
E01000029,1439,28.423 ,11.536 ,2.085 ,1.390 ,0.556 ,6.393 ,3.961 ,3.127 ,2.502 ,6.602 ,2.849 ,23.489 ,7.088 
E01000030,1710,30.000 ,13.918 ,3.977 ,1.404 ,0.292 ,5.322 ,3.626 ,5.322 ,6.374 ,8.187 ,4.912 ,8.596 ,8.070 
E01000031,1399,30.808 ,13.152 ,3.145 ,1.716 ,0.357 ,4.146 ,3.931 ,4.503 ,2.788 ,7.720 ,4.718 ,16.369 ,6.648 
E01000032,1582,28.824 ,11.947 ,2.845 ,1.833 ,0.632 ,6.384 ,3.603 ,5.436 ,3.856 ,8.976 ,4.614 ,15.044 ,6.005 
E01000033,1120,28.125 ,13.393 ,2.857 ,0.982 ,0.268 ,5.089 ,2.768 ,3.839 ,6.518 ,9.643 ,5.982 ,13.929 ,6.607 
E01000034,1267,29.519 ,9.313 ,2.605 ,1.342 ,0.395 ,5.841 ,3.394 ,4.104 ,6.551 ,6.235 ,6.472 ,16.654 ,7.577 
E01000035,1457,28.826 ,11.050 ,3.912 ,1.647 ,0.343 ,6.932 ,3.294 ,4.667 ,3.432 ,6.726 ,4.598 ,16.198 ,8.373 
E01000036,1163,33.534 ,10.146 ,3.439 ,1.376 ,0.516 ,7.911 ,4.127 ,3.955 ,2.923 ,6.363 ,4.729 ,13.586 ,7.395 
E01000037,1402,36.163 ,12.197 ,2.782 ,1.213 ,0.285 ,6.063 ,3.067 ,5.278 ,2.068 ,4.494 ,3.424 ,17.475 ,5.492 
E01000038,1295,35.444 ,12.355 ,2.085 ,1.236 ,0.772 ,6.564 ,2.625 ,4.015 ,2.394 ,6.100 ,2.394 ,18.842 ,5.174 
E01000039,1362,37.151 ,10.940 ,2.203 ,0.954 ,0.220 ,5.727 ,3.671 ,3.377 ,3.744 ,5.507 ,4.112 ,17.327 ,5.066 
E01000040,1409,26.615 ,12.562 ,3.123 ,1.207 ,0.497 ,5.394 ,4.187 ,5.110 ,4.329 ,9.581 ,6.458 ,10.646 ,10.291 
E01000041,1375,31.418 ,11.855 ,3.782 ,2.327 ,0.364 ,7.345 ,4.073 ,5.600 ,2.255 ,6.836 ,4.000 ,11.709 ,8.436 
E01000042,1315,27.072 ,12.319 ,3.118 ,2.281 ,0.304 ,5.932 ,3.194 ,5.399 ,7.072 ,10.038 ,5.703 ,8.897 ,8.669 
E01000043,1220,28.525 ,13.361 ,5.574 ,1.393 ,0.492 ,6.639 ,4.016 ,4.918 ,3.279 ,7.213 ,4.016 ,12.459 ,8.115 
E01000044,1511,28.458 ,12.508 ,5.295 ,1.721 ,1.059 ,8.008 ,3.640 ,4.500 ,6.089 ,9.596 ,4.368 ,7.148 ,7.611 
E01000045,1277,28.661 ,13.391 ,3.211 ,1.801 ,0.157 ,6.265 ,4.072 ,5.168 ,4.933 ,7.439 ,5.247 ,11.120 ,8.536 
E01000046,1453,32.829 ,12.870 ,2.615 ,1.376 ,0.551 ,6.469 ,3.304 ,5.437 ,5.712 ,7.226 ,4.061 ,9.773 ,7.777 
E01000049,1360,23.088 ,12.426 ,5.221 ,1.691 ,0.588 ,5.441 ,2.941 ,6.838 ,5.515 ,11.176 ,4.779 ,5.588 ,14.706 
E01000050,1362,31.498 ,12.115 ,4.846 ,1.689 ,0.881 ,6.828 ,2.937 ,3.010 ,3.891 ,8.297 ,5.580 ,10.866 ,7.562 
E01000051,787,47.268 ,11.182 ,7.243 ,0.889 ,0.254 ,4.574 ,3.558 ,4.320 ,1.398 ,7.624 ,2.160 ,2.922 ,6.607 
E01000052,1708,25.995 ,12.998 ,3.454 ,1.756 ,0.820 ,6.909 ,5.913 ,4.157 ,4.333 ,11.475 ,5.035 ,10.422 ,6.733 
E01000053,1209,29.032 ,12.242 ,2.068 ,1.737 ,0.662 ,7.527 ,3.888 ,5.294 ,6.121 ,7.444 ,5.128 ,13.069 ,5.790 
E01000054,1367,33.870 ,12.582 ,3.072 ,1.170 ,0.439 ,6.803 ,3.072 ,4.243 ,3.072 ,5.779 ,4.389 ,14.265 ,7.242 
E01000055,1292,29.954 ,13.700 ,3.483 ,1.161 ,0.542 ,5.805 ,3.947 ,3.947 ,3.638 ,7.043 ,7.740 ,11.455 ,7.585 
E01000056,1269,30.102 ,11.663 ,2.837 ,1.340 ,0.315 ,5.280 ,4.886 ,4.965 ,5.753 ,7.565 ,4.728 ,13.712 ,6.856 
E01000057,1144,29.021 ,13.199 ,4.108 ,1.486 ,0.524 ,5.332 ,4.283 ,5.420 ,4.458 ,7.430 ,5.682 ,11.538 ,7.517 
E01000058,1587,27.788 ,12.917 ,5.545 ,1.386 ,0.252 ,6.301 ,4.789 ,6.427 ,5.356 ,7.183 ,4.537 ,8.633 ,8.885 
E01000059,1300,32.308 ,12.462 ,4.231 ,1.308 ,0.231 ,7.231 ,3.308 ,4.231 ,3.231 ,7.000 ,2.462 ,15.923 ,6.077 
E01000060,1546,27.426 ,14.942 ,4.528 ,1.423 ,0.647 ,5.175 ,3.299 ,4.722 ,5.692 ,6.792 ,4.981 ,12.678 ,7.697 
E01000061,1380,32.609 ,13.188 ,2.971 ,1.159 ,0.290 ,3.043 ,2.899 ,6.377 ,6.377 ,10.145 ,5.072 ,6.957 ,8.913 
E01000062,1680,30.238 ,13.274 ,3.512 ,1.905 ,0.774 ,7.262 ,4.464 ,3.393 ,3.869 ,6.488 ,3.690 ,13.571 ,7.560 
E01000063,1333,32.708 ,13.953 ,2.776 ,1.575 ,0.300 ,6.152 ,3.301 ,4.426 ,3.751 ,8.552 ,4.126 ,11.628 ,6.752 
E01000064,1736,32.776 ,11.751 ,3.975 ,1.498 ,0.403 ,5.645 ,3.802 ,3.802 ,4.954 ,6.452 ,4.493 ,13.249 ,7.200 
E01000065,1545,25.825 ,11.715 ,3.430 ,1.165 ,0.841 ,6.667 ,4.401 ,5.502 ,6.537 ,6.602 ,4.660 ,15.340 ,7.314 
E01000066,1921,26.445 ,12.389 ,2.863 ,0.781 ,0.729 ,4.737 ,3.644 ,2.811 ,3.332 ,9.110 ,7.288 ,10.411 ,15.461 
E01000067,1682,28.775 ,13.080 ,4.400 ,0.951 ,0.416 ,4.578 ,4.935 ,4.102 ,3.746 ,9.394 ,4.043 ,13.139 ,8.442 
E01000068,1476,28.997 ,12.805 ,2.710 ,1.829 ,0.949 ,5.962 ,4.946 ,2.846 ,4.336 ,8.740 ,3.523 ,12.127 ,10.230 
E01000069,1642,35.627 ,14.312 ,2.192 ,1.705 ,0.914 ,2.619 ,4.507 ,3.776 ,1.888 ,8.161 ,5.298 ,11.389 ,7.613 
E01000070,1603,30.256 ,10.605 ,3.369 ,1.310 ,1.248 ,6.675 ,3.182 ,4.616 ,4.055 ,9.295 ,5.053 ,13.849 ,6.488 
E01000071,1984,30.948 ,11.240 ,3.881 ,1.815 ,0.756 ,7.863 ,4.738 ,4.083 ,2.520 ,7.863 ,4.385 ,11.643 ,8.266 
E01000072,1556,28.599 ,12.596 ,3.021 ,1.607 ,0.386 ,5.913 ,4.370 ,5.013 ,5.656 ,8.162 ,5.398 ,10.733 ,8.548 
E01000073,1358,30.118 ,12.960 ,3.093 ,0.957 ,0.295 ,6.259 ,4.345 ,2.577 ,4.934 ,7.953 ,5.155 ,13.844 ,7.511 
E01000074,1285,29.572 ,13.230 ,3.813 ,1.712 ,0.623 ,6.459 ,3.969 ,4.981 ,5.214 ,7.004 ,4.747 ,10.272 ,8.405 
E01000075,1544,31.606 ,14.767 ,3.497 ,1.813 ,0.648 ,6.023 ,4.339 ,3.368 ,4.663 ,7.189 ,3.886 ,11.982 ,6.218 
E01000076,1627,26.490 ,11.494 ,3.196 ,1.352 ,0.246 ,6.331 ,3.565 ,5.778 ,8.052 ,9.650 ,5.286 ,10.203 ,8.359 
E01000077,1286,27.916 ,12.753 ,3.344 ,2.255 ,0.467 ,5.754 ,3.421 ,4.899 ,5.677 ,10.420 ,6.454 ,10.031 ,6.610 
E01000078,1354,31.019 ,12.777 ,3.767 ,1.256 ,0.591 ,5.835 ,3.176 ,4.727 ,5.982 ,9.306 ,4.874 ,9.749 ,6.942 
E01000079,1281,29.196 ,12.646 ,2.732 ,1.093 ,0.312 ,7.104 ,3.513 ,4.294 ,4.840 ,7.650 ,5.699 ,13.817 ,7.104 
E01000080,1337,33.508 ,12.939 ,3.141 ,1.421 ,0.898 ,6.806 ,3.815 ,4.413 ,4.787 ,8.751 ,4.712 ,8.377 ,6.432 
E01000081,1514,29.789 ,13.012 ,3.831 ,0.793 ,1.123 ,7.794 ,3.963 ,6.407 ,3.963 ,6.605 ,5.350 ,9.049 ,8.322 
E01000082,1452,30.716 ,11.777 ,3.306 ,0.895 ,0.964 ,7.231 ,5.234 ,4.477 ,4.959 ,8.333 ,4.408 ,10.468 ,7.231 
E01000083,1385,30.253 ,13.430 ,3.321 ,1.516 ,0.578 ,4.838 ,3.682 ,4.765 ,6.065 ,8.809 ,5.993 ,9.819 ,6.931 
E01000084,1089,31.313 ,12.764 ,3.306 ,1.377 ,0.367 ,7.254 ,3.122 ,3.857 ,6.336 ,6.336 ,5.510 ,11.938 ,6.520 
E01000085,1243,31.054 ,12.068 ,4.425 ,1.126 ,0.402 ,6.999 ,3.781 ,6.677 ,4.666 ,5.953 ,4.103 ,12.309 ,6.436 
E01000086,1081,31.915 ,12.581 ,4.533 ,1.388 ,0.370 ,7.216 ,1.850 ,4.348 ,4.625 ,7.956 ,3.053 ,12.211 ,7.956 
E01000087,1216,28.454 ,12.582 ,3.701 ,1.809 ,0.493 ,7.072 ,4.605 ,4.523 ,4.605 ,9.046 ,3.618 ,10.280 ,9.211 
E01000088,1439,29.256 ,14.663 ,2.154 ,1.668 ,0.695 ,5.351 ,3.266 ,4.448 ,5.698 ,7.783 ,4.448 ,13.065 ,7.505 
E01000089,1273,30.715 ,15.082 ,4.321 ,0.943 ,0.943 ,5.577 ,3.771 ,4.713 ,1.964 ,7.070 ,6.049 ,10.998 ,7.855 
E01000090,1220,29.262 ,14.426 ,5.000 ,2.377 ,0.492 ,5.410 ,3.279 ,4.754 ,2.869 ,7.049 ,5.246 ,10.820 ,9.016 
E01000091,1482,28.745 ,14.980 ,4.251 ,0.877 ,0.337 ,3.846 ,2.834 ,5.735 ,8.502 ,9.447 ,3.981 ,7.895 ,8.570 
E01000093,1321,27.025 ,12.415 ,3.785 ,0.908 ,0.227 ,4.466 ,3.558 ,4.315 ,6.283 ,9.841 ,10.371 ,7.797 ,9.008 
E01000094,1693,38.275 ,13.822 ,4.607 ,1.063 ,0.532 ,5.729 ,3.249 ,5.316 ,3.544 ,7.620 ,4.312 ,2.599 ,9.333 
E01000095,1511,36.532 ,13.567 ,3.375 ,1.059 ,0.728 ,5.295 ,3.441 ,4.699 ,3.309 ,10.523 ,4.103 ,6.684 ,6.684 
E01000096,1110,29.910 ,12.523 ,5.676 ,0.991 ,0.541 ,4.414 ,2.703 ,5.315 ,4.505 ,10.000 ,3.604 ,7.297 ,12.523 
E01000097,1455,29.553 ,12.096 ,2.818 ,1.512 ,0.412 ,5.567 ,3.711 ,3.436 ,6.117 ,8.866 ,3.918 ,13.540 ,8.454 
E01000098,1395,28.889 ,13.548 ,3.369 ,1.362 ,0.573 ,5.520 ,3.513 ,3.656 ,5.305 ,10.036 ,5.090 ,10.394 ,8.746 
E01000099,2019,37.593 ,12.432 ,4.111 ,1.436 ,0.594 ,5.696 ,3.318 ,4.408 ,3.665 ,8.717 ,3.715 ,7.528 ,6.786 
E01000100,1414,31.895 ,13.720 ,2.405 ,1.132 ,0.707 ,5.446 ,3.465 ,3.890 ,7.355 ,7.284 ,5.233 ,10.255 ,7.214 
E01000101,1298,28.659 ,13.790 ,2.851 ,1.387 ,0.693 ,6.163 ,3.852 ,4.622 ,5.316 ,8.860 ,5.162 ,11.864 ,6.780 
E01000102,1304,27.837 ,15.874 ,2.837 ,1.917 ,0.767 ,5.138 ,3.834 ,4.525 ,5.445 ,8.512 ,4.064 ,11.810 ,7.439 
E01000103,1315,35.437 ,13.004 ,3.954 ,0.684 ,0.304 ,6.160 ,2.966 ,6.920 ,3.498 ,6.236 ,4.639 ,8.821 ,7.376 
E01000104,1385,33.213 ,12.130 ,3.755 ,1.444 ,0.361 ,6.354 ,3.249 ,4.332 ,5.921 ,7.509 ,5.271 ,9.314 ,7.148 
E01000105,1748,32.952 ,12.243 ,3.547 ,0.915 ,0.458 ,5.721 ,3.204 ,5.492 ,6.178 ,6.693 ,4.920 ,12.357 ,5.320 
E01000106,1575,29.270 ,12.952 ,2.984 ,1.143 ,0.381 ,6.349 ,2.794 ,5.397 ,5.587 ,8.000 ,6.476 ,11.111 ,7.556 
E01000107,1373,26.948 ,11.653 ,2.695 ,1.602 ,0.364 ,7.502 ,3.860 ,4.370 ,3.205 ,7.575 ,4.588 ,18.427 ,7.210 
E01000108,1435,31.568 ,12.056 ,2.787 ,2.439 ,0.209 ,6.899 ,4.460 ,3.833 ,3.484 ,8.153 ,4.181 ,13.101 ,6.829 
E01000110,1234,30.713 ,14.506 ,3.079 ,1.783 ,1.540 ,6.483 ,3.647 ,3.809 ,2.755 ,6.888 ,4.457 ,13.452 ,6.888 
E01000111,1622,28.853 ,10.666 ,5.425 ,1.603 ,1.048 ,7.522 ,4.871 ,4.254 ,3.514 ,7.830 ,2.774 ,14.242 ,7.398 
E01000112,1490,31.208 ,12.215 ,3.221 ,2.416 ,0.336 ,7.181 ,4.765 ,4.497 ,2.550 ,9.463 ,4.295 ,10.671 ,7.181 
E01000113,1518,30.171 ,14.690 ,3.821 ,1.515 ,0.527 ,8.696 ,3.030 ,3.426 ,1.713 ,7.312 ,6.192 ,10.474 ,8.432 
E01000114,1708,33.255 ,14.930 ,2.166 ,1.347 ,0.644 ,5.621 ,3.571 ,3.279 ,2.518 ,7.553 ,4.977 ,10.480 ,9.660 
E01032580,1115,27.354 ,13.991 ,4.036 ,1.435 ,0.359 ,6.368 ,3.498 ,4.484 ,5.381 ,11.659 ,5.830 ,8.610 ,6.996 
E01033587,1780,41.011 ,12.753 ,4.494 ,1.124 ,0.449 ,7.247 ,3.820 ,5.056 ,3.146 ,7.360 ,3.708 ,2.753 ,7.079 
E01034469,1150,42.087 ,12.087 ,3.130 ,1.130 ,0.870 ,6.696 ,4.609 ,3.478 ,2.435 ,8.957 ,4.261 ,4.957 ,5.304 
E01034470,1102,32.849 ,14.156 ,2.087 ,2.450 ,0.907 ,4.991 ,4.537 ,4.809 ,3.721 ,8.348 ,5.172 ,9.619 ,6.352 
E01034471,1893,30.375 ,13.418 ,4.702 ,1.426 ,0.158 ,6.709 ,3.434 ,3.751 ,3.751 ,7.132 ,5.335 ,5.600 ,14.210 
E01034472,1272,29.796 ,16.038 ,3.223 ,0.943 ,1.336 ,7.547 ,5.031 ,4.167 ,4.560 ,10.299 ,5.503 ,2.123 ,9.434 
E01034473,941,28.693 ,12.859 ,3.826 ,2.444 ,0.956 ,6.908 ,3.294 ,4.463 ,3.507 ,14.028 ,6.801 ,5.313 ,6.908 
E01034474,1649,40.995 ,11.098 ,4.184 ,0.849 ,0.606 ,5.276 ,3.153 ,6.064 ,5.094 ,10.249 ,4.306 ,2.547 ,5.579 
E01034475,1384,28.035 ,11.272 ,3.540 ,0.795 ,0.289 ,7.587 ,3.685 ,5.564 ,4.841 ,8.382 ,5.564 ,10.983 ,9.465 
E01034476,1237,34.519 ,13.743 ,3.476 ,1.940 ,0.485 ,5.497 ,3.880 ,5.497 ,3.072 ,8.327 ,5.740 ,3.961 ,9.863 
E01034477,1087,39.650 ,16.283 ,4.232 ,1.196 ,0.552 ,6.992 ,3.956 ,5.428 ,2.116 ,6.440 ,4.048 ,1.104 ,8.004 
E01034478,856,56.425 ,10.280 ,2.570 ,0.818 ,0.584 ,7.827 ,4.439 ,4.673 ,1.051 ,4.790 ,3.154 ,0.818 ,2.570 
E01034479,1506,28.420 ,14.807 ,5.378 ,1.394 ,0.664 ,4.847 ,3.453 ,4.714 ,5.113 ,10.159 ,5.578 ,4.847 ,10.624 
E01000115,1179,29.347 ,11.196 ,1.527 ,3.053 ,0.763 ,6.022 ,5.598 ,2.969 ,1.866 ,5.174 ,2.460 ,23.325 ,6.701 
E01000116,1363,32.869 ,12.252 ,2.201 ,2.494 ,0.587 ,6.090 ,4.842 ,2.788 ,1.908 ,3.668 ,2.715 ,20.836 ,6.750 
E01000117,1404,32.407 ,10.755 ,1.425 ,1.567 ,0.427 ,5.556 ,6.410 ,2.066 ,3.205 ,4.986 ,3.134 ,23.647 ,4.416 
E01000118,1641,34.065 ,11.395 ,2.072 ,1.706 ,0.548 ,6.520 ,5.119 ,3.230 ,2.377 ,4.997 ,3.047 ,19.074 ,5.850 
E01000119,1467,31.288 ,11.520 ,1.363 ,2.318 ,0.954 ,5.726 ,4.976 ,2.522 ,2.045 ,5.658 ,3.681 ,21.200 ,6.748 
E01000120,1227,33.089 ,10.024 ,1.222 ,2.119 ,0.570 ,5.623 ,5.542 ,4.645 ,1.630 ,5.216 ,2.363 ,21.353 ,6.601 
E01000121,1207,26.346 ,11.930 ,3.314 ,1.574 ,0.580 ,3.645 ,4.805 ,5.220 ,7.622 ,7.871 ,5.634 ,13.256 ,8.202 
E01000122,1204,32.143 ,12.542 ,1.578 ,2.159 ,0.748 ,6.478 ,5.980 ,2.326 ,1.744 ,4.651 ,3.488 ,19.269 ,6.894 
E01000123,1428,37.045 ,13.305 ,1.050 ,1.961 ,0.490 ,8.403 ,6.653 ,2.941 ,1.821 ,4.272 ,2.871 ,15.476 ,3.711 
E01000124,1469,29.748 ,12.934 ,3.131 ,0.885 ,0.613 ,7.352 ,5.378 ,4.152 ,3.744 ,10.211 ,4.221 ,12.049 ,5.582 
E01000126,1817,30.270 ,13.099 ,1.706 ,1.541 ,0.330 ,5.779 ,4.018 ,6.109 ,5.228 ,7.925 ,5.394 ,7.100 ,11.502 
E01000127,1195,28.619 ,13.054 ,2.510 ,1.925 ,0.669 ,6.360 ,5.439 ,4.184 ,4.854 ,7.615 ,4.937 ,12.385 ,7.448 
E01000128,1602,27.903 ,11.111 ,2.622 ,1.685 ,0.624 ,8.427 ,5.056 ,4.182 ,3.745 ,8.302 ,5.056 ,11.673 ,9.613 
E01000129,1258,28.458 ,11.606 ,2.544 ,1.828 ,0.556 ,7.472 ,5.087 ,4.849 ,3.895 ,7.472 ,4.769 ,12.719 ,8.744 
E01000130,1524,29.199 ,15.354 ,3.215 ,3.018 ,0.197 ,6.824 ,3.478 ,7.677 ,5.709 ,6.955 ,3.675 ,9.449 ,5.249 
E01000131,1602,30.961 ,10.674 ,3.683 ,1.186 ,0.437 ,8.552 ,5.243 ,3.620 ,2.060 ,8.614 ,5.243 ,13.983 ,5.743 
E01000132,1211,31.627 ,12.799 ,3.138 ,0.826 ,0.495 ,8.175 ,4.707 ,6.193 ,4.542 ,8.092 ,4.542 ,7.514 ,7.349 
E01000133,1277,29.836 ,14.487 ,2.114 ,0.626 ,1.096 ,5.795 ,4.385 ,3.446 ,6.186 ,7.987 ,4.072 ,11.903 ,8.066 
E01000134,1422,27.989 ,12.166 ,2.110 ,2.039 ,0.563 ,6.892 ,5.134 ,5.204 ,3.094 ,6.681 ,4.712 ,11.392 ,12.025 
E01000135,1381,30.413 ,9.341 ,0.797 ,2.534 ,0.434 ,6.445 ,6.879 ,2.462 ,3.403 ,6.300 ,4.272 ,18.537 ,8.182 
E01000136,1166,29.503 ,7.376 ,1.544 ,3.002 ,1.201 ,6.175 ,8.405 ,2.573 ,3.774 ,8.748 ,4.202 ,16.638 ,6.861 
E01000137,1248,28.365 ,11.538 ,2.644 ,1.122 ,0.801 ,5.048 ,6.571 ,5.689 ,5.929 ,9.054 ,4.247 ,11.859 ,7.131 
E01000138,1326,26.546 ,11.011 ,2.338 ,2.262 ,1.131 ,6.486 ,7.919 ,4.072 ,4.600 ,5.807 ,6.787 ,14.480 ,6.561 
E01000139,1151,33.275 ,8.862 ,2.606 ,2.172 ,0.434 ,9.123 ,6.864 ,3.910 ,2.259 ,6.169 ,3.997 ,14.509 ,5.821 
E01000140,1623,37.523 ,10.474 ,1.910 ,1.787 ,0.246 ,5.237 ,6.901 ,3.019 ,2.896 ,7.147 ,4.128 ,9.858 ,8.872 
E01000141,1565,33.738 ,12.077 ,3.706 ,1.022 ,0.703 ,6.837 ,6.901 ,5.751 ,3.706 ,4.984 ,5.367 ,8.754 ,6.454 
E01000142,1803,30.505 ,11.314 ,3.161 ,1.276 ,0.444 ,6.489 ,7.321 ,4.825 ,3.716 ,6.877 ,4.992 ,12.867 ,6.212 
E01000143,1313,31.531 ,13.481 ,4.265 ,0.838 ,0.609 ,4.341 ,4.113 ,4.417 ,5.027 ,6.778 ,4.417 ,9.063 ,11.120 
E01000144,1339,32.412 ,11.277 ,2.465 ,1.344 ,0.896 ,6.497 ,6.199 ,4.780 ,3.809 ,5.601 ,5.900 ,9.485 ,9.335 
E01000145,1182,26.904 ,13.367 ,2.876 ,2.538 ,0.677 ,4.484 ,5.584 ,2.876 ,5.499 ,6.937 ,3.130 ,15.313 ,9.814 
E01000146,1592,36.432 ,10.302 ,2.764 ,1.570 ,0.879 ,5.842 ,7.098 ,3.706 ,3.832 ,5.653 ,4.334 ,10.113 ,7.475 
E01000147,1612,27.605 ,9.988 ,2.978 ,2.792 ,0.496 ,11.663 ,4.963 ,2.667 ,1.799 ,7.816 ,4.218 ,15.819 ,7.196 
E01000150,1795,32.201 ,12.256 ,3.175 ,1.448 ,0.613 ,8.635 ,5.348 ,4.234 ,2.451 ,5.237 ,2.674 ,14.596 ,7.131 
E01000151,1204,20.847 ,13.206 ,3.488 ,0.664 ,0.914 ,5.399 ,5.066 ,5.731 ,9.635 ,9.302 ,4.900 ,6.561 ,14.286 
E01000152,1984,39.869 ,13.054 ,4.032 ,1.159 ,0.605 ,5.494 ,3.982 ,4.032 ,2.621 ,7.813 ,3.427 ,5.746 ,8.165 
E01000153,1490,27.785 ,14.497 ,2.550 ,0.537 ,0.671 ,5.436 ,4.966 ,4.027 ,6.174 ,8.389 ,3.691 ,11.342 ,9.933 
E01000154,1534,32.855 ,9.778 ,3.911 ,1.239 ,0.847 ,5.541 ,5.215 ,7.627 ,4.954 ,6.063 ,4.107 ,10.235 ,7.627 
E01000156,1529,35.383 ,9.549 ,0.850 ,3.009 ,0.719 ,9.156 ,7.260 ,4.578 ,1.962 ,4.578 ,3.074 ,12.034 ,7.848 
E01000157,1224,35.539 ,11.601 ,2.042 ,1.552 ,0.735 ,6.618 ,8.905 ,4.820 ,2.533 ,5.719 ,2.451 ,12.418 ,5.065 
E01000158,1158,34.111 ,12.003 ,2.677 ,1.986 ,0.691 ,6.563 ,6.822 ,2.936 ,4.663 ,5.095 ,2.850 ,15.112 ,4.491 
E01000159,1463,30.349 ,12.235 ,1.846 ,1.914 ,0.752 ,6.904 ,6.494 ,2.802 ,3.828 ,4.716 ,3.349 ,17.703 ,7.109 
E01000160,1581,37.508 ,11.006 ,2.404 ,1.834 ,0.633 ,7.527 ,6.705 ,3.416 ,2.087 ,6.578 ,3.669 ,9.867 ,6.768 
E01000161,1625,29.908 ,10.523 ,1.723 ,1.600 ,0.062 ,7.692 ,5.908 ,3.323 ,4.369 ,6.769 ,5.108 ,15.815 ,7.200 
E01000162,1368,23.538 ,11.404 ,2.412 ,1.316 ,0.950 ,6.140 ,6.506 ,3.509 ,4.751 ,5.117 ,5.117 ,22.588 ,6.652 
E01000163,1333,29.707 ,11.853 ,3.151 ,1.200 ,0.525 ,7.577 ,4.201 ,6.227 ,9.077 ,6.377 ,5.551 ,9.152 ,5.401 
E01000164,1339,31.217 ,11.875 ,2.763 ,1.419 ,0.523 ,5.004 ,5.377 ,5.302 ,4.854 ,7.244 ,4.630 ,11.277 ,8.514 
E01000165,1464,29.713 ,11.749 ,2.322 ,1.708 ,0.410 ,5.874 ,6.148 ,3.415 ,2.869 ,6.148 ,3.210 ,18.511 ,7.923 
E01000166,1304,31.442 ,10.736 ,1.304 ,1.610 ,0.613 ,4.831 ,4.371 ,3.834 ,3.681 ,6.672 ,4.908 ,21.242 ,4.755 
E01000167,1097,34.458 ,12.124 ,1.641 ,1.641 ,0.547 ,5.561 ,5.287 ,4.284 ,4.740 ,6.563 ,3.464 ,13.400 ,6.290 
E01000168,1278,28.717 ,11.737 ,1.174 ,2.895 ,0.626 ,5.477 ,4.695 ,2.191 ,2.113 ,4.851 ,3.286 ,26.135 ,6.103 
E01000169,1311,36.461 ,10.526 ,1.144 ,1.220 ,0.610 ,5.797 ,7.323 ,3.585 ,3.814 ,4.805 ,3.738 ,16.476 ,4.500 
E01000170,1519,31.666 ,13.957 ,2.304 ,2.172 ,0.592 ,4.872 ,5.201 ,4.345 ,3.489 ,5.793 ,3.687 ,13.891 ,8.032 
E01000171,1733,31.160 ,11.829 ,3.116 ,1.558 ,0.635 ,6.809 ,6.982 ,6.232 ,3.462 ,9.117 ,5.943 ,8.367 ,4.789 
E01000172,1318,30.501 ,10.167 ,1.442 ,1.442 ,0.607 ,5.615 ,6.297 ,2.352 ,1.897 ,7.208 ,2.580 ,19.499 ,10.395 
E01000173,1303,36.378 ,13.124 ,2.072 ,1.535 ,0.614 ,4.682 ,4.835 ,3.223 ,2.072 ,4.605 ,2.763 ,16.731 ,7.368 
E01000174,1378,33.164 ,11.393 ,1.669 ,1.161 ,0.363 ,6.023 ,5.806 ,3.701 ,2.830 ,5.588 ,5.733 ,16.473 ,6.096 
E01000175,1513,33.047 ,16.854 ,1.388 ,1.586 ,0.330 ,7.733 ,7.403 ,3.371 ,1.190 ,3.635 ,1.652 ,17.713 ,4.098 
E01000176,1477,29.181 ,10.562 ,1.422 ,1.286 ,0.339 ,3.588 ,4.401 ,7.109 ,5.146 ,4.401 ,3.114 ,21.192 ,8.260 
E01000177,1281,38.329 ,10.226 ,1.483 ,1.249 ,0.546 ,8.353 ,7.963 ,3.435 ,1.249 ,4.137 ,3.201 ,14.832 ,4.996 
E01000178,1316,34.271 ,11.322 ,0.988 ,1.444 ,0.152 ,6.231 ,7.751 ,3.571 ,2.356 ,5.091 ,3.116 ,16.109 ,7.599 
E01000179,1411,45.004 ,9.639 ,1.772 ,1.559 ,0.709 ,6.733 ,7.725 ,2.693 ,1.630 ,3.756 ,3.402 ,9.709 ,5.670 
E01000180,1306,34.074 ,11.179 ,2.603 ,0.919 ,0.459 ,5.666 ,4.364 ,3.599 ,2.527 ,4.900 ,4.058 ,19.372 ,6.279 
E01000181,1399,42.459 ,9.936 ,1.573 ,1.644 ,0.286 ,6.505 ,6.862 ,3.217 ,1.287 ,4.074 ,2.859 ,15.082 ,4.217 
E01000182,1360,38.676 ,8.824 ,2.426 ,1.250 ,0.221 ,6.618 ,7.500 ,3.676 ,1.838 ,2.647 ,2.647 ,18.162 ,5.515 
E01000183,1208,31.871 ,8.113 ,1.159 ,1.573 ,0.579 ,6.126 ,6.540 ,3.642 ,3.808 ,5.960 ,2.318 ,23.096 ,5.215 
E01000184,1514,31.110 ,8.719 ,4.690 ,1.321 ,0.528 ,6.011 ,4.756 ,4.822 ,4.491 ,6.275 ,4.293 ,11.162 ,11.823 
E01000185,1227,28.525 ,11.165 ,2.526 ,1.467 ,0.244 ,4.564 ,3.993 ,7.090 ,9.209 ,6.275 ,5.949 ,11.084 ,7.905 
E01000186,1305,27.280 ,17.625 ,1.456 ,2.069 ,0.536 ,9.502 ,6.054 ,2.682 ,0.920 ,4.138 ,2.759 ,17.931 ,7.050 
E01000187,1249,25.460 ,15.292 ,1.681 ,2.002 ,0.641 ,6.165 ,6.405 ,3.363 ,1.281 ,5.685 ,3.923 ,21.857 ,6.245 
E01000188,1203,25.769 ,13.051 ,1.746 ,4.073 ,1.330 ,7.066 ,7.731 ,1.912 ,2.078 ,5.819 ,2.244 ,19.784 ,7.398 
E01000189,1904,41.176 ,11.239 ,2.836 ,1.471 ,0.263 ,5.147 ,4.149 ,5.147 ,4.044 ,7.405 ,4.989 ,5.567 ,6.565 
E01000190,1345,29.665 ,12.045 ,1.413 ,2.082 ,0.892 ,7.955 ,5.651 ,3.717 ,1.933 ,5.056 ,2.900 ,19.331 ,7.361 
E01000191,1195,24.686 ,13.975 ,2.594 ,2.594 ,0.586 ,5.774 ,6.109 ,2.678 ,2.594 ,5.105 ,2.762 ,23.598 ,6.946 
E01000192,1549,24.919 ,15.623 ,1.808 ,2.841 ,1.097 ,8.715 ,6.456 ,3.034 ,2.776 ,5.165 ,3.809 ,18.012 ,5.746 
E01000193,1591,25.330 ,13.388 ,3.080 ,2.326 ,0.817 ,8.925 ,6.977 ,4.525 ,2.954 ,6.160 ,4.588 ,14.331 ,6.600 
E01000194,1449,28.157 ,12.629 ,3.451 ,1.311 ,0.759 ,7.937 ,5.728 ,4.348 ,2.622 ,8.006 ,5.314 ,13.112 ,6.625 
E01000195,1522,26.478 ,12.418 ,3.745 ,1.248 ,0.263 ,9.527 ,5.322 ,3.942 ,5.256 ,7.359 ,5.191 ,11.498 ,7.753 
E01000196,1823,32.309 ,9.051 ,1.920 ,1.481 ,1.426 ,7.460 ,6.967 ,8.009 ,3.127 ,4.388 ,5.321 ,14.372 ,4.169 
E01000197,1493,37.441 ,10.315 ,2.143 ,1.674 ,0.603 ,7.703 ,7.971 ,4.488 ,1.741 ,3.550 ,4.488 ,13.597 ,4.287 
E01000198,1623,28.404 ,11.707 ,2.095 ,2.711 ,0.370 ,6.901 ,8.256 ,3.512 ,2.218 ,6.962 ,4.621 ,14.787 ,7.455 
E01000199,1290,26.357 ,10.310 ,1.628 ,2.558 ,0.620 ,6.822 ,6.124 ,2.868 ,1.318 ,6.124 ,3.953 ,24.419 ,6.899 
E01000200,1626,28.352 ,8.426 ,1.538 ,2.645 ,0.861 ,5.105 ,7.503 ,2.829 ,1.907 ,6.150 ,3.690 ,25.523 ,5.474 
E01000201,1229,25.793 ,10.090 ,0.407 ,4.231 ,0.976 ,8.055 ,7.730 ,1.871 ,1.139 ,9.194 ,3.580 ,18.714 ,8.218 
E01000202,1354,32.201 ,10.414 ,1.699 ,2.585 ,0.739 ,6.795 ,9.749 ,2.806 ,1.403 ,4.801 ,3.471 ,16.248 ,7.090 
E01000203,1475,26.034 ,9.763 ,2.847 ,2.034 ,0.881 ,6.441 ,7.186 ,7.797 ,2.780 ,8.881 ,4.475 ,13.695 ,7.186 
E01000204,1389,31.461 ,11.663 ,2.448 ,2.088 ,0.576 ,6.407 ,6.695 ,3.312 ,2.664 ,4.032 ,3.096 ,20.158 ,5.400 
E01000205,1168,32.877 ,9.932 ,1.284 ,2.483 ,0.685 ,9.247 ,7.962 ,1.884 ,1.113 ,6.421 ,2.312 ,18.408 ,5.394 
E01000206,1235,27.854 ,9.960 ,1.134 ,3.887 ,1.296 ,5.101 ,6.964 ,1.134 ,0.243 ,11.741 ,4.453 ,17.166 ,9.069 
E01000207,1254,25.837 ,8.214 ,0.478 ,4.067 ,0.877 ,6.778 ,6.619 ,2.552 ,1.754 ,8.852 ,3.349 ,24.242 ,6.380 
E01000208,1307,34.889 ,9.870 ,1.148 ,2.601 ,0.918 ,7.575 ,8.187 ,1.989 ,0.995 ,5.356 ,2.219 ,18.210 ,6.044 
E01000209,1240,27.016 ,8.226 ,1.210 ,2.258 ,0.565 ,5.323 ,8.387 ,2.016 ,1.290 ,3.790 ,2.419 ,33.306 ,4.194 
E01000210,1177,35.514 ,10.790 ,1.869 ,3.144 ,0.425 ,6.457 ,8.666 ,2.719 ,0.850 ,5.777 ,3.993 ,13.594 ,6.202 
E01000211,1725,32.232 ,11.768 ,2.261 ,1.565 ,0.406 ,5.913 ,5.855 ,4.116 ,4.754 ,6.203 ,5.797 ,11.536 ,7.594 
E01000212,1113,28.931 ,11.950 ,1.168 ,3.504 ,0.629 ,6.020 ,8.446 ,2.156 ,1.438 ,7.727 ,3.504 ,18.329 ,6.199 
E01000213,1034,28.240 ,9.381 ,0.870 ,4.352 ,0.870 ,7.060 ,8.511 ,2.708 ,1.451 ,9.091 ,3.868 ,13.443 ,10.155 
E01000214,1387,37.203 ,8.580 ,1.875 ,2.091 ,0.649 ,8.075 ,7.714 ,2.668 ,1.298 ,5.840 ,3.389 ,12.545 ,8.075 
E01000215,1430,20.839 ,21.259 ,1.608 ,1.608 ,0.839 ,4.406 ,5.385 ,2.378 ,2.797 ,9.371 ,4.406 ,15.385 ,9.720 
E01000216,1475,28.949 ,14.441 ,2.305 ,1.763 ,0.881 ,5.017 ,6.102 ,3.119 ,3.254 ,6.712 ,3.593 ,12.136 ,11.729 
E01000217,1243,27.353 ,18.986 ,1.287 ,2.172 ,1.529 ,6.838 ,6.114 ,2.735 ,2.253 ,8.769 ,3.298 ,11.344 ,7.321 
E01000218,1299,23.403 ,19.630 ,2.463 ,2.002 ,0.847 ,4.542 ,7.390 ,2.232 ,5.081 ,7.544 ,4.003 ,10.931 ,9.931 
E01000219,1473,27.359 ,23.354 ,2.512 ,1.697 ,1.018 ,4.820 ,5.838 ,2.987 ,4.209 ,5.295 ,4.209 ,10.183 ,6.517 
E01000220,1376,21.802 ,19.331 ,2.398 ,1.235 ,0.436 ,4.433 ,7.049 ,3.343 ,4.506 ,6.541 ,4.506 ,18.023 ,6.395 
E01000221,1043,23.011 ,11.601 ,4.219 ,0.767 ,0.767 ,4.410 ,4.506 ,6.328 ,8.150 ,9.396 ,9.875 ,8.821 ,8.150 
E01000222,1628,25.921 ,12.039 ,3.501 ,1.781 ,0.676 ,5.528 ,6.757 ,3.870 ,4.361 ,7.310 ,8.477 ,10.872 ,8.907 
E01000223,1533,27.267 ,12.720 ,2.674 ,1.500 ,0.718 ,5.675 ,6.197 ,5.610 ,4.697 ,9.328 ,6.001 ,9.328 ,8.284 
E01000224,1329,23.702 ,10.008 ,3.010 ,1.505 ,1.354 ,7.374 ,7.374 ,4.214 ,3.085 ,9.707 ,5.643 ,14.748 ,8.277 
E01000225,1240,20.081 ,16.613 ,2.177 ,3.871 ,0.968 ,5.887 ,6.613 ,2.823 ,2.258 ,9.274 ,3.710 ,15.806 ,9.919 
E01000226,1369,29.072 ,12.126 ,4.018 ,1.242 ,0.584 ,7.159 ,4.237 ,5.113 ,4.310 ,7.889 ,4.237 ,12.126 ,7.889 
E01000227,1494,31.660 ,12.584 ,2.276 ,2.008 ,0.469 ,7.898 ,5.355 ,2.343 ,1.406 ,4.618 ,3.347 ,19.880 ,6.158 
E01000228,1139,30.465 ,11.326 ,1.317 ,2.897 ,0.966 ,8.428 ,7.024 ,2.546 ,2.722 ,5.707 ,4.565 ,13.257 ,8.780 
E01000229,1288,32.220 ,12.345 ,1.863 ,1.242 ,0.466 ,7.842 ,4.969 ,3.339 ,4.969 ,5.823 ,4.115 ,14.441 ,6.366 
E01000230,1430,27.273 ,15.175 ,0.979 ,1.608 ,0.420 ,5.734 ,6.643 ,2.867 ,2.168 ,5.035 ,3.217 ,23.357 ,5.524 
E01000231,1404,32.764 ,12.322 ,2.707 ,2.422 ,0.712 ,6.268 ,5.698 ,3.419 ,2.991 ,5.983 ,3.846 ,13.248 ,7.621 
E01000232,1490,31.275 ,9.866 ,2.081 ,2.282 ,0.738 ,6.309 ,6.711 ,2.148 ,3.826 ,5.973 ,3.893 ,19.530 ,5.369 
E01000233,1530,34.248 ,12.614 ,1.961 ,2.288 ,0.458 ,7.190 ,7.320 ,3.007 ,1.634 ,3.922 ,3.464 ,16.275 ,5.621 
E01000234,1367,35.406 ,12.070 ,1.317 ,2.853 ,0.732 ,8.266 ,6.803 ,2.853 ,1.463 ,5.486 ,2.560 ,15.289 ,4.901 
E01000235,1499,30.087 ,12.342 ,4.203 ,1.668 ,0.801 ,6.271 ,4.670 ,3.469 ,4.003 ,6.204 ,5.670 ,10.941 ,9.673 
E01000236,1404,26.211 ,14.387 ,2.991 ,3.276 ,0.855 ,6.838 ,5.484 ,3.134 ,3.348 ,8.048 ,5.199 ,10.185 ,10.043 
E01000237,1652,32.264 ,9.867 ,5.751 ,2.482 ,0.847 ,7.627 ,6.416 ,5.387 ,1.695 ,5.993 ,4.177 ,7.809 ,9.685 
E01000238,1517,25.643 ,12.986 ,4.548 ,2.703 ,0.923 ,7.976 ,6.196 ,4.087 ,2.966 ,6.592 ,4.087 ,9.558 ,11.734 
E01000239,1695,30.560 ,10.619 ,5.428 ,1.416 ,0.472 ,7.316 ,6.018 ,3.481 ,7.434 ,6.195 ,5.015 ,8.319 ,7.729 
E01000240,1442,27.046 ,9.501 ,4.022 ,2.219 ,0.624 ,10.610 ,6.449 ,2.982 ,2.635 ,5.895 ,7.351 ,14.355 ,6.311 
E01000241,1430,30.629 ,10.000 ,4.056 ,2.378 ,0.769 ,7.972 ,8.252 ,2.168 ,2.378 ,5.874 ,3.846 ,13.427 ,8.252 
E01000242,1217,25.390 ,12.079 ,2.958 ,3.451 ,1.479 ,4.848 ,6.820 ,2.794 ,2.054 ,6.245 ,5.505 ,17.995 ,8.381 
E01000243,1740,31.034 ,12.414 ,6.724 ,0.977 ,1.264 ,6.724 ,6.207 ,4.368 ,2.471 ,5.115 ,3.333 ,10.747 ,8.621 
E01000244,1377,27.233 ,10.312 ,8.932 ,1.235 ,0.799 ,7.843 ,5.664 ,4.139 ,2.106 ,3.994 ,3.704 ,12.636 ,11.402 
E01000245,1686,25.208 ,13.760 ,4.033 ,3.084 ,0.415 ,6.999 ,4.686 ,6.584 ,5.635 ,7.355 ,5.219 ,8.126 ,8.897 
E01000246,1249,35.308 ,9.688 ,1.041 ,1.761 ,0.721 ,4.724 ,5.364 ,3.283 ,1.441 ,4.964 ,3.443 ,23.779 ,4.484 
E01000247,1375,39.345 ,12.073 ,1.236 ,1.455 ,0.145 ,6.691 ,5.091 ,3.709 ,2.618 ,4.073 ,3.564 ,14.545 ,5.455 
E01000248,1388,36.311 ,9.006 ,1.009 ,1.513 ,0.504 ,6.196 ,6.772 ,2.450 ,2.378 ,3.602 ,2.233 ,22.839 ,5.187 
E01000249,1307,32.441 ,11.553 ,0.918 ,1.148 ,0.459 ,6.809 ,7.269 ,2.907 ,1.530 ,3.673 ,2.831 ,24.254 ,4.208 
E01000250,2175,35.954 ,10.529 ,2.621 ,1.379 ,0.184 ,5.057 ,5.517 ,5.011 ,3.310 ,4.552 ,4.000 ,16.092 ,5.793 
E01000251,1848,30.032 ,10.498 ,2.002 ,1.245 ,0.433 ,5.195 ,5.898 ,4.004 ,5.736 ,4.437 ,6.872 ,15.043 ,8.604 
E01000252,1427,37.631 ,8.619 ,1.612 ,1.892 ,0.420 ,7.148 ,5.186 ,5.466 ,2.453 ,3.854 ,3.083 ,18.360 ,4.275 
E01000253,1594,29.172 ,12.171 ,1.506 ,3.701 ,0.941 ,6.462 ,5.646 ,1.317 ,3.639 ,6.085 ,3.199 ,20.514 ,5.646 
E01000254,1312,30.412 ,12.271 ,1.677 ,1.601 ,0.686 ,5.945 ,6.631 ,2.820 ,1.524 ,5.259 ,2.515 ,23.628 ,5.030 
E01000255,1369,30.460 ,10.080 ,2.264 ,1.753 ,0.950 ,4.383 ,5.990 ,2.484 ,4.675 ,6.647 ,4.237 ,16.070 ,10.007 
E01000256,1454,30.399 ,11.761 ,1.788 ,2.613 ,0.825 ,7.153 ,6.396 ,3.095 ,1.169 ,6.946 ,2.889 ,17.675 ,7.290 
E01000257,1665,37.057 ,11.892 ,1.682 ,0.841 ,0.480 ,6.246 ,5.105 ,4.865 ,4.625 ,5.586 ,3.784 ,12.192 ,5.646 
E01000258,1562,31.434 ,11.972 ,0.768 ,2.433 ,0.704 ,5.442 ,6.210 ,3.009 ,3.777 ,5.698 ,2.817 ,20.423 ,5.314 
E01000259,2090,32.871 ,11.340 ,2.057 ,1.483 ,0.335 ,6.411 ,5.311 ,3.541 ,2.727 ,6.746 ,3.110 ,16.411 ,7.656 
E01000260,1706,31.477 ,11.547 ,3.517 ,2.227 ,0.703 ,7.562 ,7.093 ,3.576 ,3.224 ,5.744 ,4.513 ,12.485 ,6.331 
E01000261,1452,28.375 ,8.471 ,1.240 ,2.755 ,0.413 ,4.683 ,6.129 ,1.653 ,1.515 ,3.375 ,3.099 ,24.036 ,14.256 
E01000263,1181,33.870 ,9.822 ,0.931 ,3.472 ,1.609 ,6.351 ,8.637 ,1.863 ,1.016 ,7.451 ,2.371 ,15.749 ,6.859 
E01000264,1451,33.218 ,12.681 ,2.757 ,2.688 ,0.758 ,8.753 ,6.478 ,3.377 ,2.274 ,5.513 ,4.273 ,10.544 ,6.685 
E01000265,1501,32.045 ,12.791 ,2.732 ,1.799 ,0.600 ,5.996 ,5.929 ,4.397 ,2.998 ,6.129 ,3.931 ,14.724 ,5.929 
E01000266,1176,31.463 ,9.694 ,2.211 ,2.976 ,0.595 ,5.697 ,6.122 ,2.636 ,1.361 ,5.697 ,2.891 ,23.214 ,5.442 
E01000267,1258,36.963 ,11.447 ,1.908 ,1.908 ,0.556 ,6.518 ,8.029 ,1.510 ,2.146 ,3.895 ,2.385 ,17.965 ,4.769 
E01000268,1646,37.060 ,10.571 ,2.187 ,1.762 ,0.365 ,4.982 ,4.739 ,4.982 ,3.827 ,5.832 ,5.043 ,13.001 ,5.650 
E01000269,1136,32.218 ,12.148 ,1.496 ,1.144 ,0.352 ,5.986 ,6.250 ,2.905 ,3.081 ,4.754 ,3.081 ,21.743 ,4.842 
E01000270,1264,33.940 ,9.731 ,1.424 ,2.532 ,0.237 ,6.646 ,6.092 ,2.848 ,1.582 ,5.142 ,3.797 ,19.778 ,6.250 
E01000271,1366,29.063 ,9.590 ,1.245 ,2.562 ,0.805 ,6.735 ,6.662 ,3.807 ,2.489 ,5.198 ,3.441 ,22.548 ,5.857 
E01000272,1191,29.639 ,9.068 ,1.259 ,3.275 ,1.343 ,4.198 ,5.458 ,1.763 ,1.008 ,5.542 ,3.442 ,28.380 ,5.626 
E01000273,1405,32.883 ,9.893 ,1.281 ,1.708 ,0.427 ,5.196 ,5.907 ,4.057 ,3.843 ,5.409 ,3.345 ,21.210 ,4.840 
E01000274,1527,32.940 ,12.770 ,3.012 ,1.375 ,0.327 ,6.156 ,5.894 ,3.733 ,3.798 ,4.781 ,3.536 ,14.997 ,6.680 
E01000275,1440,34.028 ,9.306 ,1.250 ,1.806 ,0.625 ,5.069 ,6.597 ,2.917 ,1.875 ,6.736 ,3.333 ,21.181 ,5.278 
E01000276,1141,34.356 ,10.605 ,1.052 ,2.980 ,1.227 ,5.083 ,7.011 ,1.052 ,1.665 ,5.960 ,3.067 ,18.668 ,7.274 
E01000277,1406,34.139 ,9.602 ,3.627 ,1.138 ,0.711 ,4.623 ,5.121 ,4.267 ,3.414 ,5.121 ,4.054 ,17.141 ,7.041 
E01000278,1098,35.428 ,9.654 ,0.820 ,2.277 ,0.911 ,5.282 ,4.827 ,3.279 ,0.364 ,7.559 ,2.368 ,21.949 ,5.282 
E01000279,1146,23.386 ,9.599 ,1.047 ,3.927 ,1.134 ,6.545 ,7.243 ,1.571 ,0.611 ,8.202 ,3.839 ,25.131 ,7.766 
E01000280,1117,29.454 ,8.684 ,0.716 ,4.297 ,1.164 ,5.282 ,7.073 ,1.701 ,1.253 ,6.625 ,2.686 ,25.515 ,5.551 
E01000281,1402,49.215 ,7.775 ,1.213 ,0.927 ,0.428 ,6.776 ,4.993 ,3.067 ,1.427 ,4.922 ,2.924 ,12.625 ,3.709 
E01000282,1453,36.476 ,11.081 ,1.789 ,1.652 ,0.619 ,5.437 ,4.542 ,3.372 ,2.340 ,5.712 ,3.097 ,17.756 ,6.125 
E01000283,1082,30.407 ,11.553 ,0.647 ,3.974 ,0.739 ,5.638 ,7.209 ,2.588 ,0.832 ,5.545 ,3.235 ,22.089 ,5.545 
E01000284,1505,36.146 ,10.166 ,1.595 ,1.794 ,0.664 ,4.983 ,8.306 ,4.186 ,3.588 ,4.983 ,4.651 ,13.289 ,5.648 
E01000285,1207,33.803 ,10.273 ,1.491 ,1.657 ,0.497 ,5.882 ,4.474 ,3.894 ,3.231 ,5.800 ,4.308 ,20.133 ,4.557 
E01000286,1372,33.528 ,10.496 ,1.749 ,0.948 ,0.292 ,5.321 ,4.155 ,3.717 ,5.102 ,5.321 ,5.831 ,17.930 ,5.612 
E01000287,1303,30.775 ,11.819 ,2.379 ,1.228 ,0.307 ,6.370 ,4.835 ,2.840 ,6.216 ,6.216 ,4.068 ,15.810 ,7.137 
E01000288,1251,35.971 ,11.271 ,1.998 ,0.719 ,0.560 ,5.276 ,5.755 ,3.197 ,1.998 ,4.636 ,2.158 ,19.025 ,7.434 
E01000289,1243,28.560 ,13.837 ,2.574 ,0.724 ,0.322 ,4.103 ,3.379 ,5.953 ,5.712 ,6.275 ,5.471 ,13.596 ,9.493 
E01000290,1354,29.099 ,9.158 ,1.034 ,3.471 ,0.665 ,4.801 ,5.391 ,2.437 ,4.284 ,6.056 ,3.250 ,24.225 ,6.130 
E01000291,1241,34.327 ,11.684 ,1.612 ,1.209 ,0.081 ,6.285 ,4.754 ,3.707 ,7.010 ,5.479 ,3.223 ,13.135 ,7.494 
E01000292,1267,31.097 ,10.260 ,1.026 ,1.026 ,0.631 ,4.815 ,5.051 ,2.999 ,1.579 ,4.893 ,3.236 ,28.019 ,5.367 
E01000293,1468,37.125 ,10.899 ,1.226 ,1.635 ,0.409 ,5.313 ,5.177 ,2.316 ,1.703 ,4.973 ,2.520 ,20.504 ,6.199 
E01000294,1486,34.186 ,8.816 ,1.480 ,1.211 ,0.808 ,5.518 ,4.845 ,3.028 ,6.460 ,3.769 ,2.288 ,22.948 ,4.643 
E01000295,1339,37.640 ,10.381 ,1.568 ,1.718 ,0.597 ,7.543 ,6.124 ,3.211 ,2.838 ,5.078 ,3.585 ,14.787 ,4.929 
E01000296,1463,41.969 ,9.911 ,2.324 ,1.094 ,0.478 ,7.861 ,5.673 ,4.853 ,2.051 ,4.511 ,3.008 ,11.347 ,4.921 
E01000297,1156,38.062 ,10.554 ,2.249 ,1.298 ,0.346 ,6.661 ,6.315 ,3.547 ,2.941 ,5.190 ,3.979 ,13.581 ,5.277 
E01000298,1402,36.947 ,11.341 ,3.138 ,1.355 ,0.285 ,8.631 ,5.635 ,3.424 ,1.926 ,4.993 ,3.852 ,13.053 ,5.421 
E01000299,1791,28.643 ,10.218 ,4.020 ,1.675 ,0.447 ,8.319 ,6.142 ,4.243 ,4.076 ,8.599 ,4.020 ,13.568 ,6.030 
E01000300,1318,40.212 ,10.167 ,1.593 ,1.669 ,0.379 ,5.842 ,6.222 ,4.704 ,1.973 ,4.173 ,3.263 ,15.781 ,4.021 
E01000301,1160,35.948 ,8.103 ,0.517 ,1.724 ,1.379 ,6.552 ,4.914 ,2.500 ,2.414 ,6.810 ,2.672 ,20.000 ,6.466 
E01000302,1477,31.415 ,9.276 ,2.167 ,1.219 ,0.880 ,6.906 ,6.026 ,4.739 ,6.297 ,4.875 ,6.364 ,14.083 ,5.755 
E01000303,1176,35.714 ,9.864 ,1.276 ,1.871 ,0.510 ,6.548 ,4.592 ,2.976 ,1.701 ,6.633 ,3.741 ,18.367 ,6.207 
E01000304,1290,39.302 ,10.465 ,2.868 ,1.550 ,0.310 ,7.054 ,6.357 ,2.636 ,5.271 ,4.419 ,3.333 ,12.093 ,4.341 
E01000305,1376,33.939 ,9.666 ,3.852 ,1.890 ,1.235 ,7.485 ,4.869 ,5.015 ,3.706 ,5.596 ,5.160 ,12.064 ,5.523 
E01000306,1676,31.504 ,9.487 ,3.103 ,2.506 ,0.477 ,10.621 ,6.086 ,2.983 ,1.432 ,5.907 ,6.086 ,12.768 ,7.041 
E01000307,1326,28.884 ,10.935 ,3.394 ,1.659 ,0.528 ,6.787 ,5.279 ,3.243 ,3.846 ,7.391 ,6.109 ,14.781 ,7.164 
E01000308,1767,41.087 ,12.507 ,2.603 ,1.245 ,0.113 ,5.772 ,4.301 ,3.848 ,4.584 ,5.433 ,4.697 ,8.602 ,5.207 
E01000309,1658,31.604 ,12.545 ,3.920 ,1.025 ,0.603 ,7.539 ,5.669 ,4.524 ,4.222 ,7.057 ,3.619 ,11.580 ,6.092 
E01000310,1816,28.910 ,9.141 ,4.901 ,1.872 ,0.551 ,7.104 ,5.727 ,6.222 ,4.240 ,7.324 ,5.066 ,12.996 ,5.947 
E01000311,1200,25.000 ,15.583 ,2.500 ,4.000 ,0.833 ,7.083 ,7.667 ,2.417 ,1.833 ,6.417 ,3.833 ,12.333 ,10.500 
E01000312,1459,29.609 ,11.035 ,2.879 ,0.960 ,0.617 ,8.842 ,5.072 ,5.072 ,6.785 ,10.898 ,4.661 ,7.951 ,5.620 
E01000313,1554,28.893 ,12.033 ,3.411 ,1.802 ,0.644 ,8.816 ,6.435 ,4.762 ,4.633 ,7.079 ,4.891 ,10.296 ,6.306 
E01000314,1822,32.327 ,11.087 ,3.622 ,2.086 ,0.823 ,7.849 ,5.873 ,4.171 ,1.756 ,5.818 ,4.720 ,10.099 ,9.769 
E01000315,1395,26.667 ,13.835 ,2.294 ,1.505 ,0.645 ,5.161 ,5.735 ,4.946 ,6.810 ,6.595 ,4.659 ,13.835 ,7.312 
E01000316,1800,34.278 ,11.389 ,2.333 ,1.556 ,1.278 ,5.500 ,4.167 ,4.389 ,4.333 ,6.667 ,4.500 ,12.444 ,7.167 
E01000317,1265,34.625 ,10.356 ,1.660 ,1.107 ,0.474 ,5.850 ,5.375 ,3.794 ,3.162 ,4.743 ,3.953 ,18.577 ,6.324 
E01000318,1554,28.636 ,11.068 ,2.703 ,2.252 ,0.579 ,5.598 ,5.727 ,2.767 ,1.609 ,5.985 ,5.341 ,20.206 ,7.529 
E01000319,1093,36.048 ,10.613 ,2.196 ,2.470 ,0.366 ,6.221 ,7.319 ,3.934 ,1.006 ,3.385 ,3.385 ,17.292 ,5.764 
E01000320,1614,36.245 ,10.285 ,1.425 ,2.107 ,0.558 ,5.452 ,5.576 ,2.602 ,2.540 ,5.452 ,2.912 ,19.083 ,5.762 
E01000321,1655,38.671 ,9.245 ,1.692 ,2.115 ,0.423 ,7.311 ,6.344 ,5.076 ,2.417 ,4.411 ,5.438 ,12.991 ,3.867 
E01000322,1460,32.397 ,11.438 ,2.603 ,1.918 ,0.548 ,5.342 ,8.562 ,3.425 ,5.137 ,5.000 ,2.192 ,16.233 ,5.205 
E01000323,1991,32.948 ,11.200 ,3.214 ,1.708 ,0.301 ,7.785 ,4.972 ,3.616 ,4.872 ,4.420 ,6.781 ,13.059 ,5.123 
E01000324,1457,33.013 ,12.903 ,1.853 ,1.853 ,0.618 ,6.863 ,6.383 ,3.157 ,4.187 ,3.912 ,3.226 ,15.580 ,6.452 
E01033911,1511,32.363 ,10.655 ,1.721 ,2.515 ,0.927 ,5.956 ,6.486 ,3.044 ,1.985 ,4.500 ,8.074 ,15.486 ,6.287 
E01033912,1251,45.404 ,8.713 ,1.679 ,2.238 ,0.560 ,5.036 ,5.835 ,3.038 ,2.478 ,8.553 ,2.878 ,5.356 ,8.233 
E01033913,1150,23.478 ,11.304 ,4.000 ,1.391 ,0.957 ,6.435 ,4.000 ,6.609 ,9.478 ,7.826 ,4.174 ,10.696 ,9.652 
E01033914,1346,28.455 ,14.116 ,3.269 ,1.486 ,0.371 ,6.761 ,3.640 ,4.309 ,4.829 ,9.955 ,4.978 ,10.253 ,7.578 
E01033915,1040,28.942 ,10.577 ,3.846 ,0.577 ,0.192 ,4.231 ,6.058 ,6.346 ,7.212 ,10.865 ,6.635 ,2.885 ,11.635 
E01033916,1475,28.407 ,9.424 ,4.610 ,1.153 ,0.746 ,8.475 ,4.407 ,4.475 ,1.831 ,7.322 ,14.644 ,5.966 ,8.542 
E01033917,1243,44.811 ,8.850 ,3.540 ,1.368 ,0.563 ,5.873 ,4.988 ,6.758 ,2.494 ,6.436 ,4.907 ,2.977 ,6.436 
E01033918,1350,40.222 ,6.667 ,11.111 ,1.185 ,0.667 ,3.630 ,3.185 ,3.704 ,3.407 ,3.259 ,3.185 ,2.667 ,17.111 
E01033919,1128,48.936 ,7.270 ,3.901 ,1.684 ,0.709 ,4.521 ,4.699 ,5.230 ,2.394 ,6.915 ,3.014 ,3.546 ,7.181 
E01033920,1267,47.751 ,8.682 ,2.841 ,1.579 ,0.710 ,6.235 ,4.025 ,3.631 ,2.920 ,6.235 ,3.867 ,5.683 ,5.841 
E01033921,1281,44.575 ,12.490 ,4.606 ,1.717 ,0.468 ,4.684 ,4.996 ,3.669 ,1.952 ,6.401 ,3.669 ,2.966 ,7.806 
E01033922,1362,46.623 ,8.737 ,5.507 ,1.689 ,0.587 ,6.241 ,5.580 ,3.598 ,1.542 ,7.416 ,3.965 ,2.423 ,6.094 
E01033923,1210,32.727 ,11.901 ,3.140 ,1.074 ,0.413 ,7.107 ,4.463 ,4.298 ,3.058 ,7.521 ,6.281 ,9.752 ,8.264 
E01033924,1191,26.616 ,12.175 ,3.946 ,1.008 ,0.756 ,5.709 ,5.709 ,6.297 ,7.305 ,8.480 ,6.129 ,7.809 ,8.060 
E01033925,1411,36.003 ,9.213 ,3.402 ,1.276 ,0.425 ,7.796 ,4.961 ,3.402 ,2.977 ,6.237 ,3.685 ,11.694 ,8.930 
E01000325,1344,38.988 ,11.979 ,1.042 ,1.042 ,0.446 ,4.688 ,1.860 ,2.753 ,1.042 ,3.943 ,1.563 ,25.595 ,5.060 
E01000326,1060,47.264 ,10.943 ,1.887 ,1.226 ,0.094 ,3.868 ,3.113 ,3.208 ,1.792 ,5.283 ,2.075 ,17.075 ,2.170 
E01000327,1309,33.537 ,12.070 ,1.070 ,0.764 ,0.535 ,5.118 ,4.660 ,2.139 ,1.375 ,4.507 ,2.368 ,28.189 ,3.667 
E01000328,1312,36.280 ,10.061 ,1.601 ,0.686 ,0.534 ,4.649 ,3.430 ,2.210 ,2.896 ,3.963 ,1.677 ,27.668 ,4.345 
E01000329,1323,37.642 ,12.623 ,1.663 ,0.983 ,0.076 ,4.837 ,3.250 ,2.948 ,3.250 ,5.896 ,2.494 ,19.501 ,4.837 
E01000330,1367,35.479 ,11.997 ,2.414 ,0.878 ,0.293 ,3.877 ,1.536 ,2.853 ,3.438 ,4.097 ,3.292 ,27.505 ,2.341 
E01000331,1295,33.745 ,12.201 ,2.239 ,1.236 ,0.309 ,5.251 ,4.093 ,3.089 ,6.486 ,6.023 ,3.398 ,16.448 ,5.483 
E01000332,1318,34.825 ,9.712 ,2.200 ,0.379 ,0.152 ,5.235 ,3.111 ,2.959 ,2.580 ,4.552 ,3.263 ,27.162 ,3.869 
E01000333,1502,34.687 ,11.185 ,2.863 ,1.198 ,0.533 ,4.328 ,3.329 ,3.795 ,4.461 ,5.859 ,3.928 ,19.108 ,4.727 
E01000334,1326,35.294 ,12.745 ,2.187 ,1.584 ,0.151 ,5.053 ,3.620 ,2.941 ,2.564 ,4.827 ,2.413 ,22.172 ,4.449 
E01000335,2122,41.894 ,10.368 ,3.817 ,1.508 ,0.377 ,5.655 ,4.147 ,4.854 ,3.063 ,5.608 ,4.430 ,8.624 ,5.655 
E01000336,1482,33.063 ,12.686 ,3.036 ,1.754 ,0.607 ,5.263 ,2.429 ,5.331 ,5.735 ,7.220 ,4.926 ,11.741 ,6.208 
E01000337,1327,40.844 ,10.776 ,2.562 ,0.829 ,0.301 ,5.426 ,2.939 ,3.693 ,3.542 ,6.330 ,3.693 ,12.886 ,6.179 
E01000338,1465,43.891 ,10.375 ,2.526 ,0.956 ,0.341 ,5.392 ,3.345 ,3.345 ,2.253 ,4.846 ,3.549 ,12.833 ,6.348 
E01000339,1293,34.725 ,11.910 ,2.243 ,1.547 ,0.155 ,4.563 ,3.480 ,2.552 ,3.248 ,4.795 ,3.403 ,22.042 ,5.336 
E01000340,1263,34.283 ,11.876 ,2.059 ,1.108 ,0.554 ,6.017 ,3.800 ,2.296 ,2.375 ,5.542 ,1.979 ,24.386 ,3.721 
E01000341,1290,32.946 ,10.698 ,1.550 ,1.085 ,0.310 ,5.814 ,3.721 ,2.093 ,2.791 ,4.806 ,2.248 ,28.295 ,3.643 
E01000342,1239,41.808 ,12.914 ,1.776 ,0.888 ,0.323 ,6.215 ,3.309 ,2.663 ,2.421 ,3.309 ,2.341 ,18.241 ,3.793 
E01000343,1197,35.088 ,14.119 ,1.253 ,1.587 ,0.334 ,5.597 ,2.757 ,2.089 ,2.256 ,4.845 ,3.175 ,21.888 ,5.013 
E01000344,1299,38.414 ,10.778 ,2.848 ,1.232 ,0.231 ,4.465 ,3.695 ,2.309 ,1.694 ,3.618 ,1.771 ,23.326 ,5.620 
E01000345,1089,40.404 ,12.948 ,0.735 ,1.561 ,0.459 ,5.785 ,3.673 ,1.745 ,0.918 ,4.040 ,1.837 ,22.130 ,3.765 
E01000346,1287,39.005 ,12.665 ,0.389 ,1.243 ,0.466 ,6.527 ,3.497 ,2.098 ,0.932 ,3.807 ,2.098 ,22.455 ,4.817 
